011111111111111111111111111110
001111111111111111111111111110
000111111111111111111111111110
000001111111111111111111111100
000000111111111111111111111100
000000011111111111111111111100
000000000111111111111111111000
000000000011111111111111111000
000000000001111111111111111000
000000000000011111111111110000
000000000000001111111111110000
000000000000000111111111110000
000000000000000001111111100000
000000000000000000111111100000
000000000000000000011111100000
000000000000000000000111000000
000000000000000000000011000000
000000000000000000000000000000
000000000000000000000000000000
000000000000000000000000000000
000000000000000000000000000000
000000000000000000000000000000
000000000000000000000000000000
000000000000000000000000000000
000000000000000000000000000000
000000000000000000000000000000
000000000000000000000000000000
000000000000000000000000000000
000000000000000000000000000000
000000000000000000000000000000